4	6	8	10	12	14	16	18	20	22	24	26	28	30
0	0	0	0	0	0	0	0	0	0	0	0	0	0	0
10	0	0	0	0	0	0	0	0	0	0	0	0	0	0
20	0	0	0	0	0	0	0	0	0	0	0	0	0	0
30  2.50	3.50	4.90	5.50	6.10	6.50	6.80	6.80	6.80	6.75	6.70	6.67	6.63	6.60
40	3.10	4.20	5.50	6.00	6.40	6.80	7.20	7.20	7.20	7.10	7.00	6.97	6.93	6.90
50	3.40	4.90	5.90	6.30	6.80	7.10	7.40	7.45	7.50	7.50	7.50	7.47	7.43	7.40
60	3.70	5.20	6.30	6.60	7.10	7.50	7.80	7.85	7.90	7.90	7.90	7.90	7.90	7.90
70	4.00	5.50	6.50	6.90	7.40	8.00	8.10	8.20	8.30	8.35	8.40	8.43	8.47	8.50
80  4.13	5.70	6.70	7.20	7.80	8.40	8.60	8.70	8.80	8.85	8.90	9.10	9.30	9.50
90  4.20	5.90	6.80	7.50	8.00	8.70	9.00	9.20	9.40	9.65	9.90	10.10	10.30	10.50
100 4.16	5.90	7.00	7.80	8.30	8.90	9.40	9.70	10.00	10.60	11.20	11.23	11.27	11.30
110 4.13	5.85	7.10	7.85	8.30	8.85	9.55	9.93	10.30	10.98	11.65	11.67	11.68	11.70
120	4.10	5.80	7.20	7.90	8.30	8.80	9.70	10.15	10.60	11.35	12.10	12.10	12.10	12.10
130	3.70	5.40	6.80	7.60	8.20	8.80	9.90	10.35	10.80	11.90	13.00	13.00	13.00	13.00
140	3.30	4.90	6.20	7.10	8.00	8.70	9.80	10.35	10.90	12.10	13.30	13.37	13.43	13.50
150	2.50	4.20	5.30	6.50	7.70	8.30	9.30	10.05	10.80	12.05	13.30	13.37	13.43	13.50
160	1.80	3.00	3.50	5.00	6.00	6.60	7.80	8.95	10.10	11.20	12.30	12.40	12.50	12.60
170	1.40	2.25	2.75	3.75	4.50	5.30	6.40	7.48	8.55	9.35	10.15	10.37	10.58	10.80
180	1.00	1.50	2.00	2.50	3.00	4.00	5.00	6.00	7.00	7.50	8.00	8.33	8.67	9.00
